inv_mass
134.042
166.131
116.99
158.542
131.067
127.063
121.809
143.624
124.507
166.782
122.495
170.153
179.262
167.845
132.189
156.984
134.157
114.53
163.705
155.84
158.17
134.051
124.015
124.192
176.983
178.633
174.259
133.898
164.198
161.888
142.858
175.69
130.241
152.595
107.707
172.778
155.48
130.274
171.657
112.557
167.6
110.732
112.145
105.871
152.404
162.876
131.678
135.373
130.396
142.874
121.122
175.705
126.87
107.828
124.856
102.181
141.203
114.638
134.68
164.461
110.507
166.287
104.099
158.919
151.942
158.919
107.215
171.79
158.542
131.372
168.255
124.565
164.756
139.522
125.122
126.629
145.213
159.084
104.683
177.953
114.714
121.7
157.861
150.571
152.189
137.734
176.348
122.18
145.575
117.775
144.517
158.225
119.396
163.924
165.191
162.716
174.952
132.488
145.213
145.979
123.299
123.192
126.777
127.882
121.638
121.683
126.502
124.193
125.041
127.269
123.766
123.753
123.022
126.287
126.79
125.49
123.866
125.464
124.952
123.54
124.769
124.655
123.827
124.731
121.43
